2.8845 0.1406  
3.2845 0.2495   
3.3448 0.0237  
3.7215 0.3058   
3.9713 0.0988   
4.0800 0.0073   
4.1399 0.1802   
4.2238 0.0805  
4.2859 0.0383   
4.3056 0.0166   
4.4014 0.1112  
4.4762 0.3144   
4.5804 0.0138   
4.7526 0.0062   
4.7738 0.0120  
4.8435 0.0068   
4.8641 0.0903   
4.8963 0.0188   
4.9465 0.0157   
4.9614 0.0102   
4.9987 0.0079   
5.0303 0.1821   
5.0490 0.0242  
5.0994 0.0083   
5.1486 0.1504   
5.2603 0.3292   
5.3101 0.2543   
5.3141 0.1394   
5.3556 0.1038   
5.3996 0.0108    
5.4816 0.0059   
5.5055 0.1290   
5.5660 0.0245   
5.5954 0.0144  
5.6365 0.0072  
5.7177 0.1654  
5.8027 0.1651   
5.9092 0.0406   
5.9175 0.0194   
5.9411 0.0902    

